@0
00010110
00000000
00000010
00100000
@4
11101000
00000011
00000010
10101100
@8
01001000
00000000
00000010
00100000
@c
11101100
00000011
00000010
10101100
@10
00000100
00000000
00000010
00100000
@14
11110000
00000011
00000010
10101100
@18
00000001
00000000
00000010
00100000
@1c
11110100
00000011
00000010
10101100
@20
00001010
00000000
00000010
00100000
@24
11111000
00000011
00000010
10101100
@28
00000001
00000000
00000010
00100000
@2c
11111100
00000011
00000010
10101100
@30
01000000
00000010
00000010
00100000
@34
00000000
00000100
00000010
10101100
@38
00100110
00000000
00000010
00100000
@3c
00000100
00000100
00000010
10101100
@40
10000000
00000000
00000010
00100000
@44
00001000
00000100
00000010
10101100
@48
00001001
00000000
00000010
00100000
@4c
00001100
00000100
00000010
10101100
@50
00010000
00000000
00000010
00100000
@54
00010000
00000100
00000010
10101100
@58
11111111
00000001
00000010
00100000
@5c
00010100
00000100
00000010
10101100
@60
01110110
00000000
00000010
00100000
@64
00011000
00000100
00000010
10101100
@68
11011000
00000000
00000010
00100000
@6c
00011100
00000100
00000010
10101100
@70
00110110
11110000
00000010
00100000
@74
00100000
00000100
00000010
10101100
@78
11000000
00000110
00000010
00100000
@7c
00100100
00000100
00000010
10101100
@80
01101101
00000000
00000010
00100000
@84
00101000
00000100
00000010
10101100
@88
10001000
00000000
00000010
00100000
@8c
00101100
00000100
00000010
10101100
@90
10011111
00001111
00000010
00100000
@94
00110000
00000100
00000010
10101100
@98
00010000
00100010
00000010
00100000
@9c
00110100
00000100
00000010
10101100
@a0
00000000
00000000
00110000
00100000


@a4
00100000
00010000
00000000
00000000
@a8
00100000
00001000
00000000
00000000
@ac
11101000
00000011
00001000
00100000
@b0
00100000
00011000
00000000
00000000
@b4
00010100
00000000
01100111
00101000
@b8
00001001
00000000
00000111
00010000
@bc
00000000
00000000
01010000
10001100
@c0
00101010
00101000
10000001
00000000
@c4
00000001
00000000
00000101
00010000
@c8
00110101
00000000
00000000
00001000
@cc
00100000
00001000
00000100
00000000
@d0
00100000
00010000
00000011
00000000
@d4
00000100
00000000
00001000
00100001
@d8
00000001
00000000
01100011
00100000
@dc
00101101
00000000
00000000
00001000
@e0
11010000
00000111
00000001
10101100
@e4
11010100
00000111
00000010
10101100